10 6
2 3 8 4 7 22 9 77 6 10
6 1
81 27 33 21 1 7
17 3
2 4 6 8 10 12 14 1 0 16 18 20 22 24 26 28 1
15 10
91 79 60 53 47 48 45 20 29 39 31 38 55 1 1
1 1
218
2 2
20 19
100 18  
993422 972787 983832 950672 905766 956898 944306 788821 926167 902554 899231 917960 615315 815780 931198 702596 596264 914244 503244 814573 802536 896219 755992 907034 599727 453975 533344 787389 457257 835912 825669 618851 594760 445508 495936 411926 785533 191458 338406 674295 702899 498174 747506 848657 854604 634183 206513 830759 849500 394292 17533 47722 189049 96697 433312 496067 485881 21064 239098 301944 413215 182362 572777 242375 242435 27788 74872 358040 331764 268144 398351 277243 79816 542399 551512 5235 61276 90258 63991 49708 157018 409579 506167 221371 452746 109936 53023 560406 293983 721950 589685 590019 455920 123588 150611 58576 71847 536238 447635 392178
1000 500  
-998758 -994266 -993105 -992985 -990590 -989815 -989159 -987843 -986449 -986102 -985236 -984506 -983253 -981941 -977935 -976836 -975987 -974275 -969447 -969114 -966106 -965529 -965196 -962482 -960435 -960242 -958743 -957644 -956394 -955982 -954534 -953392 -953222 -951933 -949348 -948764 -942050 -937982 -936210 -934627 -933519 -932231 -931831 -930764 -929135 -925295 -922344 -921398 -920842 -920031 -919368 -916963 -910774 -907502 -905557 -901271 -900490 -894902 -890164 -886934 -886394 -879181 -878296 -877604 -877117 -876685 -876304 -874652 -870916 -870750 -865559 -865085 -863262 -862034 -861182 -860648 -859447 -858293 -857802 -857083 -854742 -854298 -853892 -851949 -851436 -850167 -847943 -841249 -840252 -839355 -838418 -838264 -838096 -836496 -833575 -833205 -820539 -818118 -818096 -815699 -815494 -815254 -814839 -813191 -811725 -810805 -808655 -808152 -806126 -802888 -793574 -792735 -792665 -791259 -788891 -788571 -788164 -786858 -785249 -782254 -781317 -777949 -773518 -771822 -765621 -761075 -756036 -754338 -750698 -744936 -744872 -742783 -741763 -737082 -736398 -734324 -730583 -728799 -723906 -723840 -721824 -711639 -706509 -705664 -704355 -702151 -701929 -698103 -696431 -693873 -693233 -689569 -688927 -688302 -687348 -686890 -684928 -679269 -676765 -675020 -674310 -670859 -669640 -669600 -661253 -660357 -652360 -650846 -647316 -643792 -643491 -641367 -641255 -639878 -639522 -638647 -635092 -633052 -627372 -624212 -623711 -622965 -621544 -621388 -615830 -615180 -614859 -614835 -610743 -609554 -602971 -602299 -601090 -599178 -597455 -594326 -590005 -589800 -588777 -586375 -586308 -579652 -574680 -571551 -570909 -570110 -570085 -569728 -567992 -565397 -562692 -559834 -558698 -558229 -553746 -553666 -550651 -546219 -545528 -542195 -539658 -538755 -534112 -534013 -525849 -525626 -525413 -524719 -523061 -520876 -520149 -520119 -519771 -519174 -516167 -513408 -512449 -510265 -508088 -506817 -504641 -502960 -502922 -502855 -502480 -498249 -496325 -494828 -494656 -494621 -494270 -489616 -489209 -488022 -487214 -487184 -487046 -486088 -479550 -476396 -472796 -472197 -469259 -468754 -466638 -465835 -464695 -459878 -459840 -457721 -455199 -453885 -447269 -447008 -446083 -445477 -444841 -440848 -440382 -439948 -439353 -439201 -437839 -437421 -435890 -433063 -432179 -431206 -430063 -429203 -427554 -427151 -426214 -419046 -418030 -417848 -417734 -417647 -415641 -413952 -410598 -410143 -409827 -406592 -406031 -405980 -401508 -401010 -398898 -390001 -389676 -386518 -383309 -381448 -380936 -379338 -378731 -377082 -371970 -367616 -362714 -362666 -356716 -355713 -354004 -353432 -352376 -349182 -348846 -348295 -347449 -344440 -344057 -341489 -338116 -337128 -337062 -336666 -331986 -328682 -327434 -326975 -325247 -320599 -320164 -320084 -319633 -314534 -312798 -312693 -310803 -310190 -307692 -305045 -297679 -296777 -294488 -293193 -292908 -292687 -292427 -287836 -287380 -287141 -286108 -285310 -279588 -276082 -274998 -274477 -274440 -272021 -270512 -270494 -266554 -266423 -265083 -265000 -263462 -261613 -260471 -258475 -258271 -257602 -257294 -256134 -256132 -253521 -252531 -252492 -250737 -250041 -247750 -245544 -245316 -244833 -243243 -242475 -236623 -236512 -236446 -232619 -232014 -228997 -227919 -227721 -226513 -224058 -222629 -220110 -215937 -215672 -212158 -210102 -206270 -203080 -197353 -196549 -195893 -186721 -186162 -181837 -177085 -175691 -174979 -173347 -167306 -166491 -164378 -164224 -159387 -158359 -157771 -156772 -156219 -148865 -146018 -143983 -140955 -140725 -135894 -135411 -134608 -134461 -134217 -134022 -133310 -132485 -130305 -128869 -127257 -125309 -123178 -120153 -118653 -115805 -115153 -114825 -108585 -108099 -106982 -102960 -97100 -89795 -89374 -87651 -82397 -82072 -79380 -78625 -77703 -75948 -71972 -70731 -66144 -60752 -59479 -58276 -57658 -56339 -56072 -55962 -51507 -48684 -48606 -46392 -44910 -43553 -42226 -41097 -40836 -40826 -37444 -37148 -32304 -31477 -31374 -30445 -29611 -25944 -24218 -23084 -22179 -21163 -20441 -17934 -17731 -17114 -16767 -13332 -11566 -9062 -8868 -6577 -6142 -5221 -2732 -625 233 539 3905 4021 4807 5674 8204 9635 9677 13024 13610 15265 16102 16116 20233 21060 25708 25772 25840 26276 26701 27427 27876 27948 29121 29699 33750 36000 36761 37576 37760 39121 41329 41337 41842 47528 52622 52715 53678 54555 58314 60962 61042 65037 65562 66140 66370 66570 71972 72679 73638 78511 79600 81516 86277 89114 89296 91570 93007 93140 96112 96277 97619 101312 102363 103255 104012 104494 109556 110452 111020 115407 120865 123811 135256 135657 136015 136452 138357 141691 143473 144375 145742 148785 154979 161503 171212 174600 175521 175795 176583 182740 183041 187122 190420 191481 195338 196412 200537 201406 202093 204618 204820 206158 207554 208166 208698 209932 210614 211119 212862 213229 213424 215297 218190 221010 225451 226053 227564 228976 229938 236863 242494 242728 243690 244556 245044 245559 247428 249279 253244 254941 255522 262086 263267 263664 265363 266173 270902 273230 279306 280192 280342 281242 282445 284578 286308 289218 289694 296058 298734 299688 306572 307144 307719 308408 308568 309032 311680 312170 312589 316176 316488 317280 319924 323409 323584 327998 329968 332185 334802 337181 346366 346849 347885 348673 348815 349029 349977 350234 351074 353491 355318 357678 361859 362014 362874 363745 371435 372544 375665 380254 380362 380809 382176 383579 384256 392534 393903 395507 397510 398470 398788 399979 401430 408428 412471 413657 414255 414693 415623 415804 416264 418202 420784 423358 426986 434026 435271 437957 442785 444327 445663 445712 449557 450398 451775 453550 455680 458071 458095 458956 459347 459388 465364 465420 471000 473095 473619 475740 476874 479716 482264 482939 486577 488522 488789 489031 491745 494769 494905 497095 498072 498950 499774 501977 504245 510652 521307 524168 534313 535360 535746 536323 537207 539313 539661 542354 543333 543401 543496 545881 547703 548392 553990 555092 556063 557371 559911 561231 561859 562262 564764 567211 569187 569409 570209 575815 575940 577651 577856 579475 579760 579866 581959 583850 585119 586292 587627 587982 588597 588814 593162 593414 593955 595878 603555 604722 607387 608111 610841 611765 612266 623216 624915 628711 634098 635719 637487 641204 642176 642771 644997 650464 652141 657502 659246 662147 665067 665392 665685 667901 671190 674346 676004 676886 677159 678990 679770 682853 683171 683226 687767 687800 688829 690246 691264 692564 693559 694282 695217 698695 701502 702906 704321 704980 705649 707585 708770 709321 713312 717623 717771 720136 720249 723127 723363 723470 726630 728263 728788 728848 730351 730556 733317 736743 740164 741723 749130 751874 752341 752416 753896 755942 756507 761969 766782 772275 772307 774631 774685 782004 782018 786553 789277 792443 793497 795160 802060 803523 805918 806853 807154 808176 808491 814433 815756 819088 823542 825795 828814 829595 836604 841418 846655 847945 851874 854649 855100 855111 855659 861089 867020 871432 871621 872972 873410 874741 875619 875979 879970 881320 886851 891002 891722 899413 899604 903799 904601 906778 907907 914733 914985 917098 918682 925716 928087 930844 932735 934309 934468 938176 939958 941716 943561 945453 945605 947948 948522 950652 951412 954402 956188 957022 957302 958651 967244 970228 971991 973453 974746 976535 976763 984814 985874 987015 990273 993563 994234 997234 997448 998725
10000 33  
999953 999719 999913 999658 999271 998939 999683 998329 998037 996708 993582 997732 997484 997907 997103 998171 998180 997788 997016 995849 994330 991352 991897 989887 994806 995453 994016 994254 996344 995501 988923 995132 996175 996745 993915 984539 997544 995195 989343 987484 980164 977542 990987 984987 987773 985622 978542 969688 963404 964130 987399 989309 984393 993078 990651 993628 992369 993411 993685 988152 985209 978842 987770 987884 967819 987550 992209 985415 979006 993086 990169 983173 979513 996239 992584 990734 994638 988269 969886 970236 966217 977722 942702 949920 976134 955494 972994 978221 930541 986643 980823 980670 975016 965256 974752 964230 966316 957581 952314 954879 920215 977064 976720 963398 973773 975244 975478 984917 978261 986907 985399 986076 991945 992173 972973 972027 987813 973407 981416 980443 981500 973581 981553 966297 964373 981706 974245 974321 980229 964130 959369 973366 985127 990634 988721 977018 972672 977429 966039 980705 987741 935955 989675 970600 982156 969297 974298 962873 925275 962834 982869 984528 970088 962109 979035 972903 970426 958904 926001 947030 920883 937544 945762 977495 969172 938469 903488 893068 947620 920140 956129 955314 947387 964119 776907 889511 971388 903316 926105 981026 980841 933653 955692 962291 960108 967531 962659 819760 917636 920046 950966 945118 955943 960085 956729 919115 953308 943665 948058 941760 940233 839771 891650 972339 969985 932685 963824 810800 933911 906150 911060 928008 957082 924444 943061 984844 962011 970826 974301 950505 959081 963825 978160 936422 976461 991687 983256 957987 968233 949755 966027 950841 966929 965489 986994 910898 972195 980726 960128 953943 967656 966710 969051 954384 927867 952458 958805 922617 930575 960946 926428 973814 976654 858089 973229 953792 871916 976505 938489 888866 932237 942749 936122 953307 926209 981110 930945 965799 931534 971509 949637 953159 926470 838355 955639 919878 970347 937763 934937 967646 977551 949186 981407 932537 932161 948802 987919 945207 950961 949581 956180 945165 963904 974247 967142 932335 837816 919585 924947 916045 961370 979812 917167 955902 964801 950572 969444 959968 945715 949401 977160 865755 896483 698870 966223 933241 919690 920304 916561 911855 840463 894897 912030 913580 898422 890605 942067 933928 958076 966705 963629 903534 894092 789277 900498 846676 889333 910971 910712 868817 902127 896792 922599 762751 838504 861235 740013 914798 923536 772988 688404 832109 882413 944416 918871 877717 825689 849854 884723 971593 921830 881869 980125 882164 884198 914856 905109 907298 884887 913983 948332 947359 955095 571571 872157 779046 777073 906559 881751 887718 804717 845353 888809 839749 902056 915915 854537 931008 933505 938852 798769 814764 897155 880737 839628 899514 915256 751778 906658 936525 881827 930431 908788 724663 834262 860518 728302 932234 896784 945852 958310 882653 898090 963814 962214 760791 787926 865929 907926 885426 396960 887807 869313 812087 909455 953938 924677 904034 852613 800410 888636 981292 977670 946020 889845 933410 929759 937765 843302 937700 843805 759504 940707 913747 917457 906178 934531 909437 846266 923473 900289 942797 938252 973119 934229 854108 836703 909837 962664 879413 935329 959175 772888 701586 932214 713422 908838 962382 902343 960313 962967 904737 839284 958404 931462 922803 798875 818399 904592 951814 920005 952642 884124 911885 964074 857347 828879 861137 947949 911882 809694 887271 912536 700892 926818 915275 921724 908408 923132 774639 912859 661233 859202 916036 830645 808691 938553 795825 819344 910944 908723 904679 905853 864803 862942 942324 936199 871472 918738 764575 885413 927607 909341 936696 864873 818258 833664 881490 936845 892308 922308 960498 967532 806555 852614 817720 948099 920449 881764 956742 814128 936444 932042 890699 867705 846263 877935 790894 672072 764000 953183 891369 875916 967200 955364 920901 823999 928188 930682 881854 899394 968195 926593 927737 945109 861145 902106 860234 886910 921981 919965 758156 932789 897865 959233 890587 933093 936347 941181 889729 914705 932136 946114 924404 940789 929488 927611 966199 920367 738065 922555 917959 861563 832192 778605 899680 791359 868804 880942 620350 900615 899948 897384 901689 978020 830081 820078 827632 942790 952906 943265 948816 859600 964069 916054 905162 956449 801480 906589 924105 837368 977004 851302 747962 746714 878543 733580 697780 356725 902284 900827 768950 919461 901516 883743 880244 910840 811022 824982 905297 602924 461325 718453 756825 711466 561268 874713 620346 868485 840573 860669 830473 876328 938111 612513 855824 905882 806107 957281 900237 923828 701698 946561 832737 840579 591163 872623 708958 759503 806382 898169 803334 738428 591623 835467 777383 848120 795294 824114 561385 744882 894900 369742 844362 626059 896467 661014 474701 649773 797362 760057 680238 783874 653730 732690 846786 713243 812899 490939 726476 708035 673103 678014 803339 778606 529949 818383 923509 675855 777249 880779 858698 817865 489490 649598 616953 729582 873361 661503 939804 510711 898456 835569 593890 655636 950957 782081 667895 852923 785924 485479 775059 787330 747997 878486 774653 904456 804869 755361 599098 868652 860567 861028 863465 941447 921309 870176 365228 390111 866670 726129 662517 763650 295880 754093 814071 521662 827740 651240 534926 537626 723106 688233 778911 764920 879021 720411 827941 781836 799878 703046 879383 700111 767758 780502 677509 922362 781658 921023 731520 726090 727126 638338 788154 760113 733128 770511 471186 681324 772077 731197 720605 870093 893011 787390 580652 729549 567368 818523 538499 876069 334283 690497 839318 591868 690111 843550 681040 589285 830225 446586 784261 795902 707061 706539 867811 863465 866325 690558 840160 803832 835151 804422 830549 779803 814393 785976 656233 886045 592893 760384 595342 616612 660018 715015 845362 731970 712639 699147 869481 641987 356327 273027 842478 618624 669487 699092 762325 654645 804201 763359 811864 895912 868880 908306 838386 681770 750076 851383 776563 763212 849850 635869 914550 529291 910053 791817 938164 787743 631352 784976 926185 626898 769260 763578 779881 753714 817461 742832 892283 467330 782599 668796 714309 717517 857611 784322 874287 854690 860284 690991 840774 740992 847223 914998 870810 816419 791508 432760 799437 746912 644797 826775 682426 865291 803297 851951 756190 897818 922774 910044 777485 715408 722089 823528 908894 744534 746932 753660 853451 606279 856185 837357 958670 820403 669878 721950 457098 611011 642721 660241 691642 541223 883730 898818 929786 900694 854900 831931 942287 826937 920981 808180 882475 719431 670575 825659 894813 670040 867826 330938 849632 886843 717474 715460 818074 707767 817130 625276 884245 845015 906339 820329 833748 834382 806439 768664 682344 763374 757134 935454 831179 808641 828308 790674 836928 346563 944594 752124 776775 897476 637311 530756 840369 639150 737755 888011 408346 589815 920751 727621 903773 881531 913297 907805 804689 813746 913389 858367 635580 746689 897464 731347 597406 446834 812218 787809 873452 912999 808377 814209 789588 653268 689005 330817 678185 719078 180080 754928 907751 536094 862817 881957 877927 904466 904065 880213 813910 769409 619019 848602 911001 718745 913981 453965 867964 650938 897947 786952 669194 755033 699519 716842 746684 797548 665481 907903 877478 763437 548911 733644 799836 788390 794401 657373 825444 673818 864541 900359 628763 771641 848950 906141 768736 877273 827999 805065 724702 598088 600054 599671 700855 777268 560371 865920 828788 721844 630613 842062 920389 951742 807238 582444 882934 900476 657103 204752 699835 885528 777969 803173 829416 833237 821349 811723 650741 789978 666194 589360 627368 653490 912780 887243 820022 795142 835349 826630 809438 955949 815022 931490 825952 681167 769516 608667 819105 545761 741101 914892 729745 696563 758702 820923 782026 854215 819188 819279 852665 775294 532222 888434 814554 654062 892883 874755 836150 676696 877222 538232 903448 920307 776170 850846 513687 695399 900777 759569 777032 570149 833113 899083 843141 872507 784245 825674 879128 671831 938490 897389 650127 670789 816404 811409 915483 897695 820795 884382 922111 899050 721503 808220 896250 789683 845777 855215 719748 960891 882467 880633 657834 737192 673767 778802 884370 822258 767624 833916 648438 741577 587012 757199 724422 846901 703275 784810 769713 765686 804671 849942 612461 585352 520764 621747 576407 643922 765009 879382 895691 796016 750289 929947 821509 621989 810009 806683 786203 783605 854779 747733 854919 824661 940382 764153 917396 934523 767908 844929 953816 818604 752573 788833 813059 858460 927786 810039 768113 737735 702745 779599 909237 895269 777600 734129 803662 792078 608860 781377 581558 488090 509418 538739 654596 667339 709784 212365 663440 599792 202540 -154341 551112 511043 589113 736122 616799 610989 658870 473103 488029 856469 416252 226527 806425 776926 643221 831291 149563 220218 527014 806825 811389 841100 571430 492503 30364 62966 695436 647812 680089 570337 668427 654996 334981 441477 568349 636241 572100 -132948 670255 729816 449028 808963 697265 657927 759003 720142 781168 796558 787065 442725 604499 319201 763822 851653 786945 826736 703985 686743 839284 453090 361624 851018 558559 255304 65001 643976 476762 563573 407385 722236 580498 783821 521456 377446 329470 851182 633519 522295 -50391 714873 491407 514942 821158 752077 528586 351205 618796 542764 -121859 116962 524997 676156 477466 731986 410609 774428 708631 664880 722671 718393 497956 435358 705695 581111 868542 771578 288593 240821 615402 704405 513212 400001 393477 762746 522123 433771 378853 31530 304147 315209 243717 771238 51418 754439 586483 320017 659471 409441 596171 262186 418574 732084 501771 541682 643127 687829 434903 226721 372948 217315 390575 369713 554438 676421 226784 592724 481130 498595 729375 542395 108353 732066 261506 396574 724604 620262 819648 -12319 551968 586276 416118 650806 109357 342437 811136 847240 495863 680799 458786 486746 550617 646611 -423664 557518 485667 -27857 819834 362979 590990 415891 808007 933740 412341 498458 491950 838600 393188 745719 110767 591065 627873 517477 917814 861986 725519 662965 136056 602707 671019 798403 747357 684447 431308 278832 684834 400100 158984 623575 697720 737980 636764 824838 519297 467713 875620 474735 795318 732514 581840 753640 587349 587221 466427 770074 101494 215810 790289 67730 692468 387373 802341 916768 789866 806982 129965 672562 201910 59454 258519 174357 832970 789592 529879 480457 613164 221846 256722 608600 262805 159156 592065 189807 708433 352160 -109392 471371 722453 789032 650786 587240 473469 460802 -50781 375650 271591 322431 298440 564468 600088 528902 594409 465003 670593 770850 701951 616704 635898 777719 302171 731282 649716 582101 550331 592703 717687 602129 630871 197585 428319 660445 711157 376212 628221 632667 851871 798154 370478 726855 651410 769405 12729 649091 539217 486974 544787 708773 392662 576879 668829 785171 746929 726390 557792 603056 419081 452708 209663 463207 -382331 476840 497380 634132 637829 670156 349653 655656 457644 816712 799635 332989 104909 672509 482561 403454 460320 653736 244490 266283 505665 178021 391829 515975 533431 324974 -213014 283926 429041 629311 352859 122181 393758 395071 672945 535795 37326 422188 482347 673102 286986 369736 797288 305217 352749 81786 509137 703987 756399 264976 578409 288255 639964 594123 536311 668860 547268 773890 646526 828310 262948 576204 736168 615066 782834 403690 644095 685199 667138 592583 518445 819009 463143 690860 297232 590310 550896 415668 637425 653761 281684 791492 531520 228550 -422016 656583 -79981 360812 540344 435966 493493 488606 697496 198774 430458 636150 701806 678602 670206 657061 619076 412199 694228 651234 398505 606284 53136 304110 93181 30844 662985 572260 415174 430773 637501 665968 675170 347196 540809 379461 609804 352324 738209 665918 646947 679272 710831 491489 562773 421307 406507 296836 435019 832770 630792 774071 461804 151039 739439 256423 580822 832126 638165 744264 453014 346113 762450 574999 551868 595105 751344 778781 239745 468113 736739 834567 745718 763525 837461 832744 755367 771102 342652 386017 456889 205109 362592 719335 374644 584626 534465 368650 671115 512325 601240 768578 456199 452087 736279 -121812 584421 546530 635490 607334 130876 445601 657074 612314 602731 600672 315528 582030 490341 499176 786520 706631 615288 776372 317586 841514 851890 791413 721015 787481 604361 650879 500113 273575 700596 431554 594389 379689 843080 854111 769572 576650 755181 633839 542518 610134 -55331 401875 716900 428620 315163 654750 88755 493106 819551 -225666 648086 597682 835865 781543 622089 757919 367939 154264 458450 -49141 825113 780673 474663 271262 722252 788229 590377 459300 658021 543246 599269 346875 557976 691316 888953 884752 414179 687946 224593 365945 717307 706010 813936 820091 373267 -318876 414558 220114 443911 792397 572455 731932 492764 724607 321551 480093 695360 73510 75233 402011 533295 379376 287332 530189 632729 660187 674174 512200 486053 537050 633912 389533 692731 720023 739968 297332 640648 706929 809412 732621 664510 359388 739611 -72826 806340 713844 849497 810168 759838 462062 651944 575589 578931 603236 498550 296543 810078 235453 768134 271483 476368 356409 684471 702560 248954 290730 673349 364599 360519 372573 198088 677576 434040 465233 581197 674461 699042 619665 794363 774353 549089 609748 450589 686242 562061 671639 572156 647995 684279 683099 742356 783148 582756 332887 421770 452491 748578 709577 616601 490953 744946 752085 507959 -11533 888619 233627 579360 378364 372901 793198 785028 295917 70546 759925 756154 638115 231681 293522 920748 874123 365662 678299 622465 741333 441114 882394 432687 563892 259387 503465 490679 447298 459260 530912 356081 458424 600663 185592 58178 31326 425502 393241 438577 818256 703909 725994 -228948 660803 601849 733566 820544 689237 740027 212888 295766 328633 644528 576243 585052 788929 822672 329218 281880 32144 655911 644111 589132 665813 656477 673477 540725 574333 10839 352647 691539 643831 774470 706544 225281 605706 807087 772667 477949 436971 648309 462244 725746 620697 643739 549678 573614 571063 244974 304038 635753 -37276 653534 137885 -16346 62857 719673 725352 668853 209837 463922 279592 850253 699982 740978 283046 607474 715777 714164 857900 356584 836148 565950 734009 728671 619563 578966 363099 -45196 597506 403868 619018 272293 384918 317504 240495 690445 572103 162451 275047 838727 395761 605774 171839 603064 588469 436898 730860 660298 171004 619406 726298 632541 539167 434202 350597 -17890 723815 789313 760239 563657 484673 702666 633073 250720 786533 695017 328475 352266 501792 716358 478615 714256 787510 518773 773823 722665 637371 540084 610011 589857 807167 598928 315192 282079 790984 578100 854816 342787 553183 732699 711662 693841 523073 854320 664020 577774 564072 873281 875295 381618 747863 701219 441144 661946 623916 518739 -334548 553085 489219 347527 287609 647550 11743 202404 524963 453645 375093 625871 711604 433831 756097 519196 286831 473918 575787 641762 533408 339096 903639 483697 583038 678185 733334 495222 277002 -77011 772568 669149 787962 623574 503644 -26204 128186 69726 384381 761893 499217 641340 623730 715380 723633 528674 657118 755975 832791 778243 796976 746355 761023 451709 604314 672186 502656 276524 553774 542989 563179 6462 613216 181852 433205 871757 530481 103422 714648 744670 672691 128286 687838 803575 727189 621778 612802 726763 806477 908186 892360 616737 808525 798828 895852 824675 338394 270999 186795 398721 723306 347218 561962 388277 585293 415994 252368 548742 679904 796624 877336 623275 558979 632056 409767 482137 145897 672296 740931 762295 462208 831049 766857 721132 551651 511345 367020 725760 654458 58498 640835 481147 -6988 590809 529577 409367 756390 391069 104963 631581 59025 827982 855960 738954 737184 654326 543428 808678 762715 120322 531251 733564 11140 879760 866053 771946 635233 584356 707209 251785 380484 543716 585196 840739 732170 250275 704581 551124 350675 371034 558488 85626 634880 575426 833914 756422 659247 689312 848640 783577 531794 752671 817754 864484 878523 395303 484971 843652 914263 371393 744038 384025 516251 319615 400163 578620 617245 761804 108191 839947 793620 599807 852492 677596 495254 833760 678616 808249 506864 620371 776132 497641 548316 582832 779891 817045 809534 539833 492903 289905 765659 819072 798567 427600 694338 751885 951830 716179 422116 832954 815837 634123 597842 460294 629468 552306 644768 720309 481584 837999 387977 789521 588519 -12954 603795 71170 400238 412852 619797 691333 527521 548679 544376 333316 604244 535427 342847 640230 757262 543831 695606 263822 628650 485374 739263 714940 764364 433235 746686 -13511 578095 571251 113868 135284 434242 217404 309376 592037 -138572 345805 499290 621349 640375 649902 610012 795032 612108 476165 843050 747816 717108 735237 727553 654748 658792 653448 677543 512451 -124391 735394 534195 493680 499427 761503 589125 118959 765520 846101 575807 322671 650464 703859 835604 762178 569040 814028 928353 743732 399196 1447 797225 861591 822361 641126 604315 452387 790042 778067 776179 681675 694534 425128 359242 608698 -47505 380790 659864 698984 818822 628758 538056 658197 604750 729446 439515 708739 676066 130854 260388 768122 520183 657191 683662 497482 660948 135867 666003 497965 668173 646441 423902 439685 560833 552486 584888 682039 484991 547324 491958 432075 488001 190513 -487501 417741 67665 584902 295947 615411 206577 625903 121729 -58157 201608 501436 76623 440254 -53276 -67657 41153 -682940 -363334 526696 12935 373664 39482 14847 522208 328336 96061 404642 524270 100829 299376 -731870 -482727 114662 252055 -225853 182351 468885 829140 -12492 142190 -212900 -377954 226807 546604 385087 212864 405204 186948 45804 558223 -460456 -322248 159253 85583 515246 183224 -184260 571717 713631 174725 793851 -392095 537129 435619 34126 322892 -494231 -328979 -849910 -288845 442611 -176634 594767 20647 267799 654818 368952 391189 196041 589886 -229803 -42501 123001 -22152 402730 50948 532387 83179 591177 356023 419175 366719 -276326 -202893 572810 636090 -82596 454305 -30140 180223 644979 722224 604891 -533070 473315 2741 478039 593769 640096 245158 219929 417372 183254 781851 117020 692053 438113 196699 391424 154696 20941 191026 172192 -323154 207652 109337 360507 -195380 229303 427391 -129459 600305 484916 320564 -474236 672729 -43709 345573 -160459 272417 263668 379803 147641 92850 62168 34708 -102176 -350125 584065 262246 101795 404735 -191116 154431 174399 195297 535705 63305 538714 98010 190994 -594737 151724 488423 371746 -39484 21231 -85403 551345 22149 -78751 84749 15382 197571 -63778 -859293 629202 -33579 -39449 -232771 130162 466132 461840 685889 -110 680057 319133 -33121 -262104 -89600 591112 -1777 -386500 68688 -526687 -423719 -669971 111433 261245 230236 -79931 75444 184737 244986 -437839 -307188 331265 105733 542282 557108 228331 377229 506208 357636 235177 571412 -482006 683124 -40963 209066 269308 346370 635557 603758 244250 316771 -297825 359036 148023 524332 -701297 -397508 -397383 -544311 -419855 487808 295388 -102476 39067 373886 390656 342505 196195 44908 64041 758468 -132019 386647 377608 167328 -341316 -104164 -354472 -36671 95659 272538 302606 306366 38191 94301 764989 524391 -129318 -53860 356205 -246799 252999 584133 -242041 220929 480500 -14788 -248949 172417 397744 -282122 77042 91116 16718 -46139 469622 163112 -737935 379639 430095 471130 280377 -585765 183972 149031 -1748 -358574 113386 70739 -325671 -159897 186250 -597081 35074 306786 367812 11973 167881 518535 382485 46137 -86375 219475 -335393 66288 283466 -179885 498036 490926 442908 599061 289393 368331 -313528 -366703 663443 465602 14007 -51513 308049 284971 723574 527138 372480 526657 362123 810865 -253593 -53748 -356390 318481 48271 -68811 199820 110259 301898 364512 -19576 -254178 337044 -170705 720785 793664 -590143 740866 63628 258568 342724 38426 330056 158477 390472 -35976 320739 417203 347116 33827 -551890 -461122 26068 -87045 181011 272436 -368722 -493003 448362 -162691 131960 -550614 -44369 -28064 -130792 -469343 531397 474143 592062 887218 401738 20632 334490 410394 -396363 -207776 770901 140079 90485 -133882 557533 -880264 63309 -370864 84375 -509191 234989 435442 501108 149153 8903 -346406 570970 -171133 125476 117134 530680 657133 -693997 -137059 -417764 71475 -126660 666104 120625 239618 552247 238480 88908 -7616 405779 -10443 84154 216798 165001 -684229 -192295 -639560 -481615 59556 -79582 -218409 -359207 585718 311250 735334 -115767 416338 571740 530966 459690 389351 -510505 -162737 857232 482229 333425 238474 561514 682709 128637 684467 338275 -193916 74706 -187903 169656 77458 281801 532513 111282 188983 -210264 744525 96211 39350 212783 -180871 143430 -629959 -3528 -154560 292926 416961 283421 -248891 258909 730803 310670 -21919 143452 304471 212825 -83978 88687 104076 -205208 280555 -546509 -136312 -71792 18923 -429917 -190805 2454 -595875 681280 491041 240037 572234 -285402 393778 -261138 312669 412529 449726 182666 -108445 -487900 72387 264370 528616 -494116 234487 -31154 128380 234470 404177 112695 -298151 19439 707694 229510 -387731 -180642 -412333 -167181 317039 645419 320334 732272 144513 415488 184799 -416233 -415156 173116 -435096 22744 -416480 -360885 -78202 266924 -260376 123828 -76327 317877 209492 -214174 -345306 10339 -185334 150522 145202 -9551 -193562 -348153 446181 327656 252543 629005 579113 -329198 -221257 461430 565872 128405 347779 -198436 222288 647330 -47156 239719 294355 117672 194577 102090 283799 352195 371695 -41556 323641 424997 309031 -135293 674400 -28122 -333430 529674 193290 181560 -161871 198950 291313 191189 402687 155366 409946 -122555 -21597 182349 -513734 508458 427217 -332157 512538 614076 749513 334148 255548 485072 658910 -139603 587498 529090 181500 -410273 -236548 166159 570477 53905 123474 256821 174681 458683 -72930 689730 638542 -286242 -414395 69806 512077 -139339 -47079 507307 178512 574859 71778 552044 449808 545815 43498 410682 456488 312018 82828 184644 389557 -314808 178391 405058 37225 -815343 -486051 384414 68199 -112279 360467 35479 -477121 -357936 327658 -7521 -206829 165723 -346140 -3452 522785 -351133 358153 723940 -680251 459826 639552 -227138 -381433 -156609 100976 -430230 495085 -147557 371797 328035 60036 421793 176861 360383 449545 -230208 71262 185313 -26108 -428493 -542468 -288951 45956 370203 -248524 448036 510838 473574 104945 163149 124539 -657182 -230804 94104 -449222 212785 359898 553346 251504 351691 -298569 -288672 -291655 -8802 30091 150603 -224845 85143 583587 -666363 -371986 -299051 -295903 219142 -169368 53036 70375 460609 352523 -396483 27384 -486950 314056 138803 342894 176900 -312831 238963 342999 45566 -83472 -14175 416703 560486 559670 452766 505237 -142242 239839 260360 405585 112074 128282 444763 502278 310144 355933 191670 371872 49894 29046 236284 -123459 -233613 296756 373305 -277311 96424 548105 85760 258985 358955 332749 540384 720946 582243 130287 70120 664725 233862 378654 -25254 464052 530003 184975 218464 645570 506839 -248006 406720 -105213 781816 758454 214234 236085 -158897 447132 157849 -260074 308601 392604 -7419 150636 52759 -185544 439519 569492 -70503 336804 -204899 -382949 -297351 717853 29450 454313 48690 199221 -799957 -499964 67658 324326 -633498 -501718 33329 91792 159271 366130 430967 317529 353228 -113872 134274 -109882 -36294 679328 23883 -228498 141811 414351 177841 370473 -606258 290620 87349 364834 349749 -638413 378805 97762 -61503 488715 -192555 125941 201957 377042 385430 494202 -192398 384460 410965 -73568 -110494 -44750 35294 53437 73811 -95936 -135026 -30733 417578 210544 138070 -276897 -136002 412810 -778546 -723039 446034 281858 124402 526051 623424 312149 234369 -129086 394151 -289543 -419206 -105245 12890 402681 -420970 106385 679896 686024 510736 -276221 17189 358050 301111 -117051 -323407 669367 199900 14095 360611 433939 115609 140400 -258149 124476 -50745 271770 -482177 128995 820389 438609 590838 347547 729186 751600 83801 253600 -552331 132845 713899 671186 -720433 -248169 459018 381464 367697 581020 383968 -680878 708289 280368 415564 5823 -54414 264481 357497 442445 184183 -12711 540753 482596 166685 110953 86340 730394 687151 636315 -21034 -416447 416376 -135024 -312682 603194 459409 530387 282598 562400 578013 659341 545408 600493 751879 433110 750413 735972 -200092 -9186 -552443 115091 -119057 -3264 72963 -11425 154999 195284 -171097 -80203 456826 -262646 326083 258742 331435 540483 429681 376539 -583651 321363 587420 512140 -600715 357060 461633 344615 -29588 751483 318697 404073 -249596 157244 508005 241260 -284659 -160405 443702 269030 -102707 57620 378611 403380 144011 150736 -116225 73140 441107 330714 368309 169201 455471 -43243 333919 518318 -430793 -492390 -125417 96760 328700 326192 398876 251017 291078 -89519 461343 290482 432861 682496 222878 576054 478046 324373 -77028 -319817 398829 470819 562829 706088 150680 778343 472533 -295101 733177 -250218 481520 284293 -76848 598568 269786 212297 -383829 43649 23096 -218932 -48234 382281 40466 356433 296174 -426078 -227162 751446 687402 351413 111814 -416493 -279099 183076 76243 557896 581970 -175933 336101 -171920 -224548 196626 -201310 -245550 -708871 -617198 658584 -200833 229967 120383 -237967 262508 645937 649455 -124087 -209134 -90689 -125649 577865 110645 -306477 -260128 198630 -47790 229008 390071 537376 563680 373097 527643 552822 423201 313355 643769 -71385 301827 -201373 -505524 -399767 383341 -883760 -340084 662829 618736 585479 657880 397844 173503 -75585 71020 701360 561616 486909 639066 -181536 -82437 16865 456617 -286821 580329 -61918 -336731 -107224 272288 -88780 312557 356189 553629 676309 501273 30228 254667 506576 -44173 -255245 331360 202365 143820 -332500 -322375 1048 -295507 688794 623602 639932 68971 782545 -192947 603665 387764 198924 284350 -597168 -387621 77901 170095 -94379 -268217 -879243 318179 686190 97525 70574 33237 522019 609580 109133 390576 685216 88874 278421 -255295 84134 -595061 189462 120883 -336770 -445013 -278193 -48165 126959 272407 -33428 224429 375292 326635 -52785 268891 510223 122642 550478 172739 -138939 463452 641920 575706 -331109 -34067 313826 -36614 29643 300026 -90876 425672 -55243 -344981 -380445 -388977 319008 656594 462271 -231786 19879 -33053 562952 556940 342992 548736 725196 799994 487559 644842 565899 -560244 -600086 84362 636950 506819 -400706 -73160 566293 677431 429953 623247 -151139 -189500 473824 -224696 -45016 731204 178497 447243 53646 578399 -233459 534949 -163028 147206 188593 -63738 409776 136287 215132 126393 -30370 483638 233937 -305671 -453246 513908 -477883 206602 -420488 -123666 -685769 281576 522513 97283 510338 261690 -163538 -257572 -483238 136472 492934 -666937 -412437 -35094 -163818 -115679 -23713 4864 -116255 -106667 579736 -78355 401592 300206 247983 349261 19874 156517 293216 240466 242106 299576 523616 403825 361741 277404 284334 168293 488348 506022 453658 563655 313419 300808 13385 378667 153887 454392 316210 515869 498818 533489 82856 211587 244332 467342 543744 524664 567046 712461 -69665 486140 530020 524755 95495 -28248 361051 -34301 64400 -98185 425362 178228 89792 500450 225207 255904 127572 438960 571431 639576 -378620 629845 445453 -137178 -12002 -915206 295289 54169 52253 -19736 550314 578000 -151029 -776102 -191377 -427867 347012 770443 313446 491976 12819 -7634 -453669 57635 413057 386658 126039 463467 -405463 359618 160912 -119737 -22957 -148448 836930 96446 862234 523551 78846 64289 556605 -292556 238372 1348 474615 640109 33672 140591 185400 809917 352289 197711 10005 295629 152186 -493230 476722 397733 -28113 410069 396621 352260 166907 371720 -78699 170137 195393 72932 -271377 393282 318239 -387718 -331344 -392726 -39645 -172611 -141000 22762 351899 -256535 390437 -211708 -162052 70171 193510 217511 492192 555237 220601 -408094 -282336 -365461 256898 646816 458023 24515 550939 664229 341915 442769 651740 168844 359005 534273 -223011 -124797 70616 19047 185771 20264 619603 582572 282634 519162 138853 460308 687000 469349 394590 807107 294069 -122938 -107187 277300 -639306 -380951 109951 482066 408230 356890 -134919 552331 -469754 -24224 -321570 74543 -52968 587982 356651 -153222 -131366 150010 -79836 -401865 166283 346606 -66411 421439 318030 308481 680343 5383 177397 497596 -356735 143536 595925 -242074 -272031 -223324 -370900 -125470 -411791 528 -609844 -233239 -145620 418571 422966 412417 463392 307935 395104 551226 310412 121045 24686 378038 39184 111563 -169388 103061 127515 -383107 -201800 30207 2288 430742 -39636 -647039 139241 330361 -236706 -94988 -90677 -192487 -518585 -494756 427291 -222133 5174 308534 135731 618352 -420127 -98033 151399 -112087 -184557 -56346 428540 -90172 517356 565696 352614 168879 12731 -402919 205772 369719 712732 473422 176316 686888 361037 165584 113157 -234563 298555 474829 241378 10430 423084 448659 -207553 432035 186851 256811 258507 -184646 256589 314870 -121444 -210557 -275604 186412 -436573 268230 509075 421275 271496 -66498 363272 -143679 36463 -273635 -200331 100414 95466 667494 485712 452711 -359306 -109564 165789 -186416 442676 602330 348609 206993 280097 409257 43456 -191850 133570 184602 -670752 405749 -799365 245845 525181 92426 205521 346936 -458 20741 -138043 -164748 -354532 489087 479301 397806 107339 178006 308122 191313 -61356 -33436 -135073 -65318 620902 625929 149528 -162002 -66427 234354 369400 158400 463897 41614 274747 -211138 -267437 -183134 21521 68712 637730 237956 -61187 -38855 -340282 -120876 -547634 273637 241079 23439 390242 451067 -150670 -223662 574967 -266438 611475 216440 -49957 -593629 386951 288019 -207039 416334 578338 180224 496123 -417439 557635 -50789 412734 -269867 -526769 780605 499586 275846 -134946 214030 -590879 44687 697627 763575 107477 -375563 799252 -333202 -194156 -69057 462037 -416263 646419 -350953 84925 288378 692495 263404 168335 495926 574464 835864 257264 656864 576819 528712 347747 458773 162705 157869 349719 613587 354016 -151222 -44940 251325 662389 14409 322671 172780 503171 -330912 239475 66278 -456081 361823 -406556 -493638 424028 136642 -447475 -467231 -241447 317146 -166776 -360115 -757066 633488 -106974 -328369 143873 -780836 439035 365136 -602612 332668 106247 -505950 248176 63991 -54864 -60655 23712 -531491 748837 250283 496231 292203 258036 -132116 -360825 -680228 242329 361109 153840 363991 -777939 276564 283114 229256 513658 868066 213237 -265540 -200742 550771 -10220 313294 574999 392878 237729 441497 261808 -37806 -210196 -311908 -66821 -575867 367175 33442 734104 282852 397337 61463 -356824 -159742 -132670 -256102 -264601 -693830 -182827 -318908 295897 383779 267165 -13363 479418 -279073 29741 580889 -223791 539186 630479 631139 -260640 702047 -150632 416823 451331 -141831 678143 661830 825383 716662 732402 -54794 -399238 490500 -237804 548748 202351 518974 -122012 193719 236800 546754 189121 384377 369032 271307 173502 -231140 -288916 -110335 102450 420022 401465 18056 -499075 -246811 295540 126434 -431208 -113025 -493085 -556234 547688 329974 375592 302532 -634485 -231008 391269 -408880 701505 -683619 292591 -471141 -117059 -491922 -209214 586020 262387 103042 262953 610948 379339 -57451 -139488 -136213 -235532 -339188 287930 307306 858984 30551 284732 450659 -481762 -193871 477862 597759 780573 760904 409582 -646435 720588 -368104 153375 -730977 -52099 268961 -143514 -57210 381484 387181 630576 273617 227923 -507408 420009 495919 221852 152849 538071 -534185 235169 35882 -118479 34588 120323 48614 399272 290831 682310 184304 338061 -470261 60232 159283 -48512 -109302 278525 -6891 -204393 -114234 432778 225120 -254813 -251802 348393 593810 -238790 -217698 411072 -109666 23279 -173304 -347045 737348 417239 -808294 274246 -248749 -113000 -153566 4687 423123 277209 37063 -125436 688082 -332227 40607 -192907 -646012 194054 -39886 -192119 266285 -511588 -142892 451520 240098 211237 196289 311475 291610 -164372 -617811 -22303 384323 -278850 -139733 164687 -128112 13118 -339345 209824 586566 663567 -7397 -385720 403237 626549 351220 -415469 140592 40388 291755 624686 383137 95337 542334 -296410 -87906 497157 -641315 453627 190628 2278 -30348 508139 394413 54512 -61092 -740772 297682 633761 399746 57290 191487 470536 356837 -64010 -461398 -26033 -171882 201825 22575 584732 567211 784623 608325 291371 705570 -492847 -36651 -338747 627574 3825 160476 -206363 -789472 -505283 -734264 -374535 -3304 -182084 -66842 -748078 593735 -678976 357804 -201814 521706 120943 170647 524735 205315 125911 39931 764033 412042 352942 120705 57514 -116268 234591 312680 -467594 351757 655805 -142354 -813520 163494 -375412 305472 136578 5874 520974 386498 564015 731625 320439 337072 34270 730611 327331 -141388 445227 345729 -682144 70595 -258749 373682 216673 546135 525002 521161 41040 420962 -423063 -470828 403216 167714 676953 285839 238604 407979 743004 689343 85718 -101745 416112 -56729 380911 657990 146393 348764 -458623 -244570 431845 441393 -325745 488317 278236 262941 398789 297966 410279 311490 255791 -495968 679937 -353227 611821 252217 39179 714320 521861 480572 244812 483205 248858 -580210 -659426 18647 778822 -122787 604101 242295 334219 14995 616265 519891 -761225 231795 832796 540151 403062 235368 -509099 -88421 148207 309613 526218 486819 488410 432908 575927 111991 236919 -222181 412122 491846 414114 177211 -208013 245754 692533 652460 318329 405129 391561 669981 122841 -221740 781692 719886 478722 434476 -216800 -249379 -275008 -390970 55344 -146478 80096 184907 -48462 239136 317182 409537 -73319 490990 460021 187501 336282 258231 452213 514898 87107 81053 268779 243820 34071 323431 -242686 -263557 503769 439252 742430 390974 -398629 296775 80356 641235 91569 -121470 425217 222914 -24279 372266 392097 687394 -22182 702777 633194 -170695 152935 54216 642951 -127856 -512847 -465915 363446 199838 381724 92505 30029 -42274 119856 105427 317241 351779 -530560 199633 282159 125785 460066 -51718 -145694 -204821 151760 151659 -633015 -303046 542757 330336 148066 263280 176798 114209 -218201 390349 376617 650257 317050 464781 105355 305509 477577 518397 644188 220931 510315 534452 398487 516154 274429 703786 532842 427099 462174 431615 350513 157030 631345 542143 455147 -312545 -358758 -146838 595489 166993 -111183 517063 -346029 429478 -232608 381979 713315 353716 587531 524336 -88784 -269096 -426949 438399 635902 245874 -101228 42571 251006 293143 536991 552789 269565 458009 571010 247431 468281 403688 360740 381032 173094 20830 635210 742771 550535 -13527 383583 -5969 -611757 -608878 660636 -30069 730611 -130642 765487 621881 632993 -47260 274825 282103 307654 409302 620574 323724 276387 -445347 228944 746817 618174 -28963 327801 -375965 -51646 403318 205573 -454593 528238 117453 -749295 -141244 -201099 349008 530306 210802 223337 -370345 651066 774400 218359 490079 213259 537807 591438 533878 351841 220705 673473 191431 262919 -8118 392589 -526444 225942 366219 -170962 -585704 -40842 -172122 -524791 235758 403794 362744 651881 216454 218949 188244 202170 75144 309060 -164818 -516139 51754 625822 494814 203230 -292432 174123 -53157 55347 461386 171653 -715006 -112161 -302118 -57225 -62624 426597 -73321 62200 5385 429957 -624435 349527 392707 -94714 142381 482039 -507204 108110 350147 363635 -166512 145671 -13381 -680151 -505230 -857307 -134366 -400702 -160160 -218384 470735 -384444 -150232 -622483 -246636 -806029 -956151 -626891 -478494 -645217 -277261 -850290 -470418 -735301 -14696 -536936 282715 -438028 -244972 -132163 235042 -275029 -651846 -413625 -620390 -977319 -198673 -734157 -708699 -825374 -820998 -891883 -875200 -661566 -299429 -706639 -788120 34925 -835545 -626543 -897620 -287590 18624 -662917 -569495 -975261 -146843 202915 -115744 304105 -221926 -268982 -732859 -144072 -749610 -949484 -951715 -928397 -884777 -88984 -280466 -578122 -454804 -579400 -437986 -593288 -35759 -914250 -581421 -863138 -260322 -101525 -528250 -842473 -430655 -367287 -789117 -398408 -959672 136566 -531833 316077 -829186 -573735 -105177 -245247 -875589 -528825 -668789 -884276 -749504 -69989 -373178 -337938 -959025 -515001 -462246 -815253 -592219 -889418 -611820 -170324 -290502 -501561 -448433 -987055 48776 -336408 -621794 248843 -767931 -729978 -333335 -531282 -260645 -281866 -39806 -810856 -434790 -650657 -666772 -827833 -35586 -848950 -931267 -93786 -920459 -993642 -631347 -624485 -406313 -969667 -860129 -391478 -827999 -529894 310967 -411734 -745428 556058 -710965 -99741 -160251 -242476 -431697 -942050 -543936 351635 -934573 -236163 -600959 -15838 -349539 -376107 -30450 -293803 -260410 -338777 -338976 -328570 -93426 -303244 -43833 -408536 259482 -749471 17343 212825 238032 -905880 -757443 163543 387906 -197337 -679809 -683576 -265142 -673114 -534520 -746320 -796673 -700897 -319026 194180 210725 -772765 340842 -949359 -524851 417377 -551805 -456072 -446613 83290 -455385 -3893 298061 -868809 476417 -348505 -875004 -734834 -800853 257790 -835998 -88411 -121510 -154598 -787884 -872219 -356103 559436 -333265 -449625 -925898 -985447 -574279 -790885 -595185 -453618 -323813 364938 300576 -571037 -486022 15979 -472647 -764588 272677 -986031 -395346 -668964 111050 -183807 -911227 -335002 -145121 -214203 -77247 83631 -155357 -394896 -514854 -516613 -273116 -209538 -664638 -998474 -217281 -774784 -878657 -397961 23005 16655 -44484 -535844 -591497 -351737 -704292 -886866 57153 -11523 6946 -621399 -621804 -554411 496024 -88304 -761770 -935904 143863 -346075 -844830 -520477 -4168 -253647 -731508 -730372 -444324 -504172 -113973 70086 -779066 -177236 -821367 -162710 -590636 -897096 -566795 -884833 -396273 -315601 248521 -293136 244500 -786416 -376710 93037 -811492 -529254 -671042 -530284 -667921 -317809 -481118 -745957 -897817 -952937 406140 43985 -702182 -897914 -536340 -295182 -430421 -236214 -817338 -880377 -949658 -416265 -823761 -114056 275494 -144825 -744209 -629190 -684131 -389591 -112000 -603518 -965055 -101379 347201 -65024 -85529 -716470 -914752 4752 -932527 -6724 -880112 -499383 -430529 -670887 -369301 -861378 -895680 162460 388242 -781224 -107675 -512710 -588373 -879024 -300592 -149644 -304815 -443586 193550 -803588 -81531 -180812 -173956 -195566 -459896 -536855 612350 -141554 -186375 -841468 -289375 -988844 -886337 -407761 -713293 -39668 307690 -267621 -244532 -713669 -420766 -154242 -401140 -970052 -861056 -959211 -487482 -996178 -809509 -872859 -878294 -983490 -857823 -254603 -107531 -578191 -774782 -312499 -674058 -623288 -268434 -331237 133662 -699280 -558527 -898057 -499204 -410525 124536 -377379 -176674 -749364 47713 -953473 -353220 -918030 -474287 -317535 122722 -582994 -915655 136473 187252 -693273 -103475 28493 162320 -861932 -669889 -875710 -485284 -928512 -632944 -374463 -846500 -747849 75005 192125 -456145 409755 461607 -848495 371193 161784 -161395 183824 -340203 -886841 -739051 -478711 -621715 -605153 -853987 -878604 -789424 -974979 -910335 -737554 -458739 -500341 -876443 -794423 -664270 -617203 -426160 -631672 482110 -154137 -286574 -268105 -741381 -199049 -27970 -78687 -731339 115931 -689841 -375634 257648 160381 28650 -809540 -159343 -760101 -853115 -697384 -100247 -222086 -591834 383446 -437721 -478308 -313661 -986262 -542994 -722876 -787404 -957362 -280172 -546961 -804670 -963024 -643528 -677793 62153 -305516 79831 -111757 -659252 105275 -44878 -360060 -214964 -342140 -798444 -974923 572777 -465356 470791 -187505 -694421 -414297 -304146 -786428 -566320 -440665 -430758 -771939 -236731 -740487 -650737 -284290 -720998 -251996 66650 -776922 -20015 -230965 -83120 -360054 -398389 -786300 -677141 -961212 345256 -841642 -684889 -656115 -313577 -382970 -47390 -49025 -81526 -420370 -63462 -384428 216470 -431235 -209886 -788811 -857055 -829188 -483552 -696899 -137475 -421523 -612161 -276990 -947672 -747991 -960827 -194455 4259 -748037 -429111 -830716 -390507 -964312 -744967 -578876 -908349 -525834 -295832 -922828 -444051 -557809 -919958 -638616 89123 -882010 -795665 -495093 -173718 -496976 -676539 34916 14459 -964980 -267319 -669379 -559326 451436 -956453 -868324 -257162 -402514 -876775 -159620 -467481 -651524 -32833 -883574 -357367 -318099 -134869 250374 -90693 -454825 -201084 -680774 -62508 -416050 -152051 -593253 -156831 -457468 -70983 -942987 -356164 -443604 94710 -441352 -660263 -791503 -698064 -280279 235695 310353 190795 -114173 -543833 -928219 -836785 -383158 13959 196027 -558143 416464 284017 449913 -349704 -578648 -811939 387610 398451 319745 -220236 107993 95824 -691528 -260696 -596138 -313961 -930751 -698019 164466 206638 -463970 -727315 -447817 -553994 -698986 -457918 -142834 -418283 20972 -669254 -170889 118730 -669971 -231304 -473471 -953755 75793 -523798 -514403 -694328 21299 -973433 182418 -930145 -812462 -822871 -861579 -711770 -954601 -589662 -858819 -849167 -379467 -790452 -988806 -154298 -618706 -338373 -101344 -887559 -277098 -159608 -506400 -135170 -896091 -407488 17893 174552 -937176 -344090 -566562 -32641 -970907 -849461 -728256 -818078 -971297 -149504 -669875 -861631 -697521 18117 171119 -299337 -867515 -519306 -654394 -975632 -837497 -103839 -992558 -791950 -372749 -508708 -646638 -785790 -49465 -415191 -482574 -384530 -219012 -650424 -788423 -667487 -924322 512414 300160 -732709 -299542 -989647 -156137 -767634 -958448 321466 -373597 -611305 -288821 -823535 -624679 -642148 -964670 -455560 -843100 -396957 -178159 -992424 -873467 -27834 -526874 -851845 -317639 -636514 155981 350761 -996039 -931926 -203820 -982317 -865249 -845874 -402690 -381021 -642281 -893782 -766825 229872 -114660 30053 51700 -414895 -300661 -759824 -162505 -346481 -483681 -578899 80602 -12179 -971091 -400559 -702190 -33830 -356470 -195149 -946347 374798 -986288 -684052 -910975 -809289 -463895 -884100 -988467 -556985 -762792 -474507 -412730 -516038 -176973 -303125 -264539 -611855 -714887 -809446 -623671 -784389 -373235 -126531 -588226 -354632 -773353 -401291 -633102 360514 -594376 -11885 -608238 -144238 124732 -359699 19359 -368691 -793857 -991471 -835255 -225636 -698519 -935611 -855665 -510999 -400445 -365259 -870923 -295691 -579157 -240807 -644014 -701812 -206854 404858 1885 -836057 -503331 -749506 -262517 -821102 -908158 -453783 225520 -371280 -314137 -129227 -125610 227616 -134603 180227 -931214 -914693 -692065 -366750 -945889 175563 -793423 121140 -27414 -675370 -699067 -658851 -198295 545607 -149692 -390126 -252924 -931480 127864 -207128 -287997 96337 -507170 -636571 44515 -196059 -251900 -453064 14351 -144892 -115997 -928319 -496069 -869547 -752320 -596389 -789316 -925172 -340449 -381699 -927418 -623541 -588538 -11545 -372284 -12975 -894619 -261935 -277712 -603146 -710486 -536814 -897880 -177034 -812073 -941057 -942517 -935176 -607432 -390615 -436211 -49783 -675783 -662909 -851882 -544356 -748914 -295405 -913422 175145 605362 21501 -675245 -479258 -354238 -90876 -759341 -675996 109138 -931473 -642657 -707086 -469598 -683347 -866712 -50018 -427182 -40523 -708415 -371474 -70479 -445853 -599313 -628969 -854759 -738578 -776783 -850281 -810385 -66052 -451096 -848307 -583831 -420156 -944460 -921860 -971499 -983290 -656911 551789 -21525 337767 -796906 -381603 288059 33267 -627385 -652071 -439958 20841 -669730 -484142 -366246 -37212 -198392 -382322 -907069 -356347 -814197 -600778 -564932 -634310 -639282 -751749 -520770 -607459 -418423 -952583 412452 56264 -748236 -837446 -224113 -137404 -384246 -740150 -671346 -514112 -408072 -803545 -555519 139866 -303615 -428348 -535727 -864105 -407594 -747141 -964050 -510767 -461240 -717238 -593181 -439952 -719155 -298147 -984864 -947269 -630695 -733049 -182800 -894947 -893000 341201 -66298 108 55085 384040 -489867 -839159 -930667 -871287 -252275 -819429 -735615 -968115 -420237 -727817 4382 -112857 -620948 -921976 -662469 -460519 -927609 -844549 -688981 -413161 -406323 -397469 -639925 -558483 -432196 -898482 -611794 -712868 -779071 -273970 117372 -887678 142739 -338999 -223492 -541839 -363196 -738314 -743494 -10875 -302008 -323604 -625831 -821213 -550477 -456766 -190725 -172976 -909182 -610342 -770625 -381413 68248 332599 -967264 -119339 -1123 -648803 18392 373609 -715212 167858 -996178 -914315 -355065 -864111 -609038 419895 -670555 269788 -104285 -260474 -435307 -810647 -775992 -946420 -781417 155016 -544860 -441208 -299312 -405978 -543206 110188 267384 -993124 -905862 -445469 -479747 116552 -204433 -43239 -634513 -325227 -114002 -322085 -685281 -898406 -532210 -236290 -992843 -858649 -264029 49955 -34821 -629573 -622941 -680878 397515 -155549 -373685 -453739 -592402 -736369 -207523 -771935 101785 -658739 -9883 -800573 -660913 -700471 -942538 -981328 -528902 -939979 185042 8273 169630 -917981 -295542 -666054 -253472 -888411 -767067 -808199 -432425 -370932 -473364 -181221 -733501 -814030 -953715 -342778 -541640 258488 -628803 -997914 -543726 -451613 -604793 133629 560785 518661 -756347 -722661 126436 -350356 320528 363661 -962397 32190 -298890 -615993 -618108 503023 -20994 -405006 -300461 -131155 -841131 -879783 -619730 -341434 14117 -78852 -959280 311866 -333400 -787756 -441129 -853413 -853072 41784 30584 -564498 301142 -663698 -358839 -561270 -849596 43870 -816416 -975040 -746807 -361486 -727840 -515441 -157025 -944329 488798 -126113 -478986 -736290 -541435 -479492 202225 -91416 -746765 -322201 251589 -272434 -611553 -407994 -184956 -600676 -918700 260891 -768472 -204498 -188594 -509775 -65957 -476071 -842543 -638487 224964 -779696 -747324 -29461 86246 -787993 -744776 -505736 -424035 -344881 -829020 90789 -741601 88885 -614026 -52913 -955205 -987367 -679158 -695076 280972 240950 -107365 -927024 -575495 -320042 -574524 -446685 -795916 -727117 -645144 -661961 -759135 -864133 229851 118018 -752864 -776465 -438033 -605002 -316555 -305949 -759649 -547713 -105777 -715391 -386786 -312085 -738987 -975666 -290185 276818 -947960 637887 -847228 -837267 267433 85102 -668274 -595411 -965065 -808415 -895292 -739178 -314946 -823228 -222565 -827104 -611730 -884734 -928478 460552 -881372 -286348 126980 72237 19372 -437234 -839635 -94472 -927730 67016 54615 -277901 30322 341873 -901024 277813 -682575 -900543 -375718 -870368 -237266 -880019 -634072 -601552 -939736 -905022 -583693 -818337 -983300 -613759 -956383 -316967 -165433 -590277 -830213 -700281 174685 -803090 -620127 -564910 -469790 159863 -173308 -386920 -594187 -772906 -171592 -832433 -743676 -819623 -871238 -629290 -570939 -797505 -990011 -918476 -362594 -676555 39330 -267977 347000 540829 -261443 -630372 -317283 -438244 -499102 -585368 -658233 -381805 -478502 -968327 -283621 -395577 -797260 -768443 -889612 -355836 -325624 -342328 -262395 -455073 -731023 -773900 -779151 -923422 -960694 -532236 -657220 -862600 -454992 -724635 152242 -855428 -668462 -399061 -973653 -257249 -156751 -948329 174664 199904 -3230 -729927 -880652 -999973 -667132 -321374 -900774 -807961 -932355 -873689 -49543 -302295 -975819 97295 -772878 -846538 -944200 -319653 -192397 -32754 -364419 247304 -940999 -92340 -124168 -158346 -371658 -818839 306232 7286 193134 245934 478549 440927 -668448 -879894 128091 361383 -683279 -280381 180260 -296445 -444391 -29269 -509567 -401359 -688963 -923060 110841 -42340 -997878 -648549 -533185 -397026 -301048 140737 -413279 -172029 -665823 -483620 -504668 45805 -284449 -108763 -408398 -542301 -664535 -443777 -711088 -195192 -748803 -393456 -715922 -716773 -35343 138000 -821270 -611172 -865815 -264413 140519 -310366 -28642 -902976 238934 -10178 347671 -810650 -939608 -747106 -158619 515048 -883908 -796442 341405 -539443 -8209 -133179 -918058 -147356 -43414 554079 -676523 -322487 -620903 -113572 -612572 -741664 -884163 -280842 -974337 -192549 -789837 -439009 -699025 17158 -846060 621518 -275299 -958965 -821483 -393631 -365168 -689695 -417567 -384037 598589 -642272 739067 745958 -389751 -11150 -127850 -522779 -995622 -185936 243446 425243 4403 -725365 -335721 -368293 278524 -552088 -324470 313208 -346346 -942217 -796692 101849 -348726 -667027 -554304 -465191 -901020 57135 -430903 -112830 -190510 -723211 -388546 224926 -755157 -963287 -759863 -482233 -501158 -848903 628424 -539302 -94907 -2412 -310560 -636357 -252637 -229062 -875298 -959785 -816750 -977538 -524813 -522806 -171775 -335329 -310872 -900624 -714957 -662423 -587364 -842441 -843540 -259696 -995824 -767845 -111460 99415 187884 -785357 358961 80595 -217108 31012 99698 -529966 -700050 -224896 -889212 -511448 -640793 -220269 -437399 -654389 327957 -813685 -294155 -338143 -784208 -786641 -466280 -259350 -421179 -654343 -549497 -147172 -564860 -978844 -703951 -662364 35982 -338590 76265 -744273 -66809 -922567 -889549 -507470 -914006 -822492 -559808 -939396 -329477 -212833 -997798 -469062 174870 -608693 -912467 -943850 -816640 -396140 104131 -709432 281871 288846 -470578 -404072 74152 -478747 -471810 -333783 272299 -642642 -795423 -609223 -901592 -296334 -757770 -131588 -842152 -104500 -694326 -234978 -891022 -761653 7819 -206574 -386583 -688083 -555689 -814670 -898389 -119854 201192 -86277 -536400 134914 -48934 -978101 -513651 -919334 -412495 -975847 -108108 -424176 -952031 -818813 -902911 -768810 -71487 -725431 -71357 -848715 -458545 -550987 140982 -228954 553809 562270 -860627 231543 -885469 -878298 -740180 -240102 -374843 -281902 -705332 -524552 -437093 -866273 -435973 -210503 -102178 -315748 -483245 -608558 -801292 -871505 -103254 6777 -837773 -69850 574350 -524035 -720046 -648743 -816322 -356017 -432501 -655815 -907808 -259314 -673583 -565866 -303131 -936842 -600836 -560524 -545787 64672 -904706 -908791 -853164 -502788 -249656 237488 -743703 -222180 54014 -394180 -446696 -615476 -848644 -860571 -28166 -993029 -84922 -182230 -430963 -884232 -981088 -531372 -65234 -991265 161969 148861 283529 -250132 -334972 -535181 329144 -619254 369042 567555 191122 2641 -216841 -598138 -236053 77517 -729472 -689643 -288593 -864945 -368059 400260 356180 -898826 -987989 -811561 -464622 -720067 342524 456082 271329 -176906 -568519 -504141 -266350 448935 182127 -267978 -978711 -836373 687950 -703716 -65026 -15350 -374536 -146062 -674922 -355864 -944241 -156670 -321963 158320 -658963 -317468 -953387 -157704 -694892 -16173 -285072 -669691 370184 -954715 -722101 76309 28786 -353163 -954160 -940728 -537119 -490023 -401391 262074 -95672 -758845 53194 -114557 -582920 -976849 -572320 -715078 442 -794548 -988372 -588377 -961257 -523709 -947267 -964584 332035 136592 -475427 -217576 221756 -811679 -866727 -442061 -276059 268105 281750 437418 33522 -107318 -376313 107983 468088 -524353 -49638 155066 -679359 417821 -242216 527291 -648436 -852614 -286585 -238358 -899359 -733071 -112692 -62149 -152794 -754839 -563118 -568773 -171372 -404729 -376222 -116523 -789515 -463152 -700059 -595404 -866916 -956555 -466692 -546287 -970621 439733 -546665 -572494 -580086 -197913 -751146 -923812 -705829 -116402 410266 378227 -377879 -180702 -696570 -469930 -873289 -683419 -723157 -83658 -105546 350105 -843246 -872846 -783916 -886872 -248335 -945719 53337 -130452 -162842 -846492 -888611 -779190 -358036 -890687 216635 49373 294730 -492211 -974670 -538390 -156065 -95588 293092 -721644 -715001 -107148 -515765 -616738 -510865 -776257 -967883 63718 -161403 -965223 -365410 -764742 -827961 -104967 -199605 -477517 66609 -791084 -177749 -73821 63846 -924366 -190914 -714897 -475123 -964299 277384 -689042 -876769 -365401 -188468 -545708 -30253 85805 -631654 31853 -766888 -550686 -937923 -666532 -453354 95566 -802088 -787634 -997594 -651347 -295859 -374588 -282622 -444628 -217355 294354 -638497 -232409 -862 -978457 22969 -105442 111333 -302677 -876379 -147129 -501704 -469666 -935664 -78395 -745162 -404409 -231379 -198274 -457727 -848332 -352970 -865816 191151 446654 -854636 -757143 -641979 -870613 -629688 -761475 7269 -290418 -510936 27518 -152243 550903 -241933 668147 -717089 -468047 498138 -697500 -188791 -668272 -879446 -524074 430322 234444 -440894 -915270 282726 -175687 110760 268788 -190625 -507804 364967 -257834 33727 -939924 35343 -973327 -443526 -601412 -52605 -466961 -499158 -651607 -220416 -493755 -61518 -145064 -815489 -808999 -876832 -809455 -624442 -614518 262075 -467111 -852553 -656625 -919978 -286948 235628 -314351 -690650 -256009 -3095 -506470 -925164 -952394 -958700 -520588 -876891 -343340 -132971 -104996 -877940 -857830 -285710 -711669 -675799 -937702 -260155 -568304 -673504 -136407 -609610 -633101 -458960 -717122 -833505 -433194 -998695 -253489 -558780 -871985 -722047 -960701 -988473 -960836 -74761 255509 -653695 -492876 -219533 -357475 -788206 -148842 -950167 -569600 -630764 40732 -358645 -674206 419519 157801 -275425 -997280 -345754 -573324 -796388 -129078 -954722 -694379 -651955 -444442 -634982 85404 -617388 -893136 -553004 -819664 -809997 -394792 -997825 -651985 -851493 -79545 -699402 -859193 -791215 5524 -439664 -516132 -197481 -113842 -409902 -933928 99653 -38204 348758 -938026 -376950 -229555 -669985 -378972 -700792 -815784 -903033 -559093 -939542 -274471 -691648 -533096 -851115 -518552 -917783 -443678 -901079 -977997 -391858 -624124 -721975 321119 -211399 134376 -346087 153600 -345839 438474 -264273 -155248 -239268 22409 -992641 -635848 -754540 -324018 391791 47065 488928 69076 -686814 -844401 587594 464146 -800417 -986908 -527914 -173336 -916134 -186718 -652585 -165261 -952079 -365922 180129 -346935 -256962 -932453 -974347 -790489 -710822 -729952 -951050 -538756 -132856 -480696 159145 141858 -160357 341579 100818 -901697 617225 534338 -737361 373899 -400991 -824829 -988229 100501 277389 -339250 -827667 -77786 -647747 -851823 -801288 26344 -762992 -234115 90666 61576 -959037 -363488 -836157 -903817 -917683 -628364 -517059 -806886 -76835 -828995 -922757 -392753 -159861 83972 -354362 -927857 -914967 -156463 -671410 -480184 195566 -336353 -612581 -450261 -223640 -430275 270124 -606369 -840878 -669869 -825344 -490677 -129126 -415517 -500042 -874166 -367144 -835048 -642430 -914270 -994048 -924543 -140591 -825632 -723183 457915 -826346 -45950 -28567 -920809 -199053 -962586 193742 417280 -414577 -616164 -967436 -806534 -173382 -109962 330553 228702 -452764 -89662 17795 -597162 -292790 -686606 -177336 -555962 -669554 -673580 -520132 -865321 -604059 -343844 -437646 -766474 -864392 -836013 -703621 -887567 -183277 -282012 -914797 -667073 -15991 -1212 -955851 -575812 -438648 70672 -692783 -351922 -916863 204350 -190563 -762222 254902 -738698 398971 -900412 -714557 104964 523588 -729258 -434230 -371663 -899124 -296474 436769 -935590 -460570 -122467 -57854 -540273 -623652 -426630 -965147 -102229 -128165 -202986 -233169 -226717 -983314 -661198 44881 -501726 -92620 -396212 -691452 370290 -977286 -724238 -605598 -777176 -762488 -420990 -776939 -502750 -688871 -291917 523428 -172423 -169422 -244138 -514994 -486803 -668125 -93536 -384972 -648696 -986326 -662617 -917488 -607147 -958510 -557787 -917059 222585 683841 -404795 109979 742076 -723874 326836 -712460 -397234 353706 -63075 -974497 -656026 -984730 -622077 -944137 -192027 -89334 525252 -177791 -735736 -558279 -922656 -719631 -334856 457308 67283 -780894 274434 -350275 -43095 -70730 97063 -897875 -787937 -868959 -618266 191986 -429144 -885114 -894528 -708811 -268814 -694231 630962 6131 -52317 -449353 -621931 -854419 -507422 -501049 -313234 -517883 -867874 -552787 148030 -795746 -499906 -654597 -327942 -843234 -694283 -829641 -284074 -401864 -954692 3018 -691351 -473631 -310964 -350401 14432 -561051 -186543 366739 221455 -207488 -628278 -629607 -928276 -938425 -824618 397708 -786324 -484461 -582778 -824905 -556133 -787509 -430714 -755409 -795191 -691547 -968725 81718 -318336 410480 156698 78659 -269224 -566680 277913 92682 -619205 -572436 -511289 -434463 -965518 -483757 -920190 132649 -957064 -6778 -318566 -712701 -839254 -938902 -945312 -691154 -981386 -284498 -550478 -747114 -932456 -545728 -901373 -4015 -938435 -490943 -574729 -936006 -421093 66945 8576 -315773 -150198 -188055 121614 -705743 -564705 -649333 203711 -344050 -739130 -58356 -328576 -281022 -325788 -475183 -855932 -394495 -232465 -147346 -127576 92976 -35747 204497 -995718 -558104 316844 -486931 185281 -70627 -192389 -116286 -322518 -670384 -179918 -452604 -304210 474496 -793851 -715875 -940448 -367086 143864 24952 -775033 -314078 -892551 -553836 -164264 186203 -761084 -401490 26086 -33204 -379431 -701006 -918939 69932 -641800 -421491 -178284 -840996 129362 -957569 -942116 -421323 -536945 -790410 220168 -767788 444922 13858 -354869 -950585 -52871 -551927 137411 -765193 112413 -550390 -547696 -143713 -114049 -883220 -208697 242830 -136234 -212738 -984516 -843916 -376246 -15773 -758039 -706845 -803763 -973474 -559156 -700707 -934855 321479 -757662 -285544 -10809 -673460 -299331 92035 357924 -549195 -842612 -236233 -722807 -599482 -81792 224297 309637 -156960 -768634 -145143 458857 -520569 -798355 -955867 -837072 -247000 -855677 -438714 -920844 -373732 -319573 -925709 -961033 -751528 194311 -839594 -147763 -86746 -390704 -653960 -149851 -805313 79629 -772053 145243 -830005 -535482 -944716 -802842 -940101 -552557 -597779 -750304 -60007 -524566 -442160 286916 212800 102681 -768174 -405397 -215677 -145457 -532676 -39866 -569703 -872667 -926199 -143986 -364565 -396772 -151840 -494671 -242926 -442179 -486575 -757414 -980081 -589053 -496731 -353084 116218 -598656 -208054 -740271 -180192 -178312 -410632 -500741 383304 -699486 -694602 -150581 -426762 415748 -773348 -359351 -777567 -177627 -402679 -227529 -817234 353967 -691266 -822998 -406317 -934308 -499933 -630072 -557444 -675611 411931 -755302 -363781 -301868 -817291 -765777 -505218 -7563 -55483 631458 -258139 187807 25123 99531 -450247 -323080 -924716 281162 86257 89766 -552461 -843530 -99057 -413540 187831 -669348 -805118 -907358 268982 -422416 -517011 250879 -218728 280380 84475 -940533 -600257 -159282 -781575 -187569 -762313 102646 -612525 -365691 -255318 -623828 -330280 -820308 -382241 -299587 -272568 -667691 -542069 -724815 -473740 -429574 -953964 -719050 -222536 -66360 -767700 -706123 -573928 -496706 -248201 -213015 -933427 -90681 -877600 -700483 311928 -729788 -259249 -980778 -228220 -997943 -782123 -467698 -782487 -114858 -992539 -983086 -313969 -56600 -693485 393811 -506041 -736868 -681687 -949999 -647646 -824974 -444018 -531221 -216813 -222246 -530862 -427094 17668 -498861 -651367 -660101 -732310 -314709 -204064 25519 -15787 -939171 81002 -49541 454644 -107765 -624245 -297376 -449300 56722 -278209 28992 -462469 -770217 -883502 -654663 -766798 -380341 -575003 -196917 -996316 -454188 -975473 -737804 -115184 -103613 86910 -384454 -59428 -589410 -194672 387076 -663488 -846714 -607336 -796342 -314206 63371 -56107 -381646 283375 -758500 -599098 539283 -263109 -630046 -201610 -264353 -255259 -294345 -261160 -800651 -843496 -827895 -659378 -496315 -531354 -208705 -841720 -298132 -985474 95115 -451505 352182 -753220 -577443 -195918 133245 -973480 -472959 -170867 -324586 -585276 -727528 -413362 -869503 -465306 -745318 -938015 -319916 -73898 -230682 -344645 -497402 -857994 -433319 -719183 -916750 -419431 -196123 -722793 -649364 -242019 -499562 -746105 -279168 -218315 -878597 -330129 218936 -146736 -571111 89894 -627093 634807 -259700 -968683 -630104 -382226 -471663 -492388 347097 -652142 -773971 -132444 -652977 578246 -158045 -412791 -533366 -740167 -753644 -374508 -427321 -635062 -539985 -758934 -594337 -862355 -975280 -727064 -785917 -615687 -991272 -505027 -465385 -468689 -433145 -139741 -681349 -391101 351823 -363579 113037 430284 218310 -808329 -914641 -699241 -175713 -625577 -969284 159842 -799849 -801024 -240342 -864421 -133678 -611713 -887094 -228659 -840003 -567167 -113217 -931102 -843924 -188688 -138591 -390629 -565297 -662455 -721240 -407383 -947548 -806514 1652 -610140 -490774 -720821 -843722 -452196 -220107 -911464 -839579 -446556 -620369 -948916 185076 -990389 -755839 -685689 -625839 -579615 -664256 -993989 -635514 -938438 -817514 -713119 -920843 -702178 -116271 -255054 -404504 -765332 -985035 -740885 258432 -799941 -658506 306237 487265 -729998 -646977 -396431 -644920 23380 -967463 -738274 -412402 -857491 -205409 -371621 -845792 -825766 229067 -783289 -715395 -891140 299087 -592230 -753727 -39275 -632444 -512768 -527224 -341225 -206139 -902698 -943350 -913043 -824364 -33933 -894592 -269769 -405107 -946159 -908336 -181585 -503603 -430805 683928 -224426 -277476 -206257 7540 -262704 -327317 -735756 -549386 232570 -21831 -841291 -78158 -401300 -244499 -879151 -237355 -564053 -596494 445383 274139 -914826 -535174 -322357 -124837 -448782 -687394 27516 -3228 -530429 102023 -746054 -744969 -495067 -797763 -655909 66126 -720488 -284646 -524736 -649691 -824598 -491260 69269 -20037 -776779 -596471 -403134 -106957 -932583 306901 -812192 -507230 31099 -230910 -264903 -569071 -824605 201185 -442299 -780486 -358634 -404575 -744548 -858233 -283566 -829183 -593088 -892805 -687082 -635674 -235013 654045 389734 -45788 154727 -417883 -835598 -954557 -541387 -805147 -620246 -953437 -861197 -950722 -763181 152100 -736491 57515 -291383 -61871 -229626 -99576 -831813 -134795 -168620 55926 -388931 40627 -553677 -490100 -818867 -887751 -78344 85957 -945010 -902444 186576 806 -949819 -920420 -741527 -610958 -531830 -930790 -143019 -454818 163560 -527782 -167903 -918031 -987684 -535376 -817040 -927685 -935436 -869538 -664747 -316660 -561338 -435942 426063 348813 -286273 -204818 350791 -914816 -156498 -184706 -457088 -603915 -918341 -728486 -806119 -507104 -160147 -168817 -142648 -825627 -784697 -788574 -484135 -967012 -358417 580238 -821241 191593 -249567 -618742 -461822 -375827 -482668 -932379 -807346 -812207 -980694 121655 -430134 -511984 89839 -391598 -873355 23187 -920607 -386573 -219779 -740059 -874128 -353408 -210834 -299987 -897358 -975694 -990783 -588741 -945965 -306950 -615887 -724491 -849033 -503189 -674529 -527253 -918985 -931684 -348675 -359513 -973670 -906291 -595848 -138710 66295 -461881 -687594 -118927 -809930 -456453 226744 -286645 -556400 -168142 -435971 -957139 138305 -180538 -828871 -890919 -989412 -690691 -302704 -17705 -602659 -180126 -663231 -930211 -106362 -491519 -293970 -733730 -723344 -454292 -811339 406016 476177 -596777 -955112 -800091 -256201 -69653 -586613 -819224 -148925 -646781 -882697 -303645 -330508 -792119 -382152 -809164 -824002 -568316 -265365 -764768 -557939 68266 -464378 264139 -825825 -897076 -41871 -833360 -685834 -978046 -280761 -513260 396305 642202 -891620 498457 21157 -482698 -480427 -556627 -996355 723511 -373030 -957437 -976537 -685787 -892664 -88027 -202564 -578059 -499920 -819797 167764 -876535 -977080 -361467 -279615 -579259 -569427 -376167 -387815 -228777 -12534 -766820 -118860 -723636 291997 220652 -579697 456217 -681171 118491 3843 -980940 -378309 -198292 -270144 -892840 -278671 87908 -67700 240616 -730901 447161 157513 -908651 -50460 23966 272247 -508784 -995714 -405887 186585 -372713 -977798 -783677 -117224 -549497 -97346 -463695 461957 -332660 -54764 -756558 -190634 57677 -292663 -400620 -91033 150600 -451715 -650610 -506051 216142 24862 -35550 -694654 -941387 -792210 256907 -423448 -931874 -787118 -651699 -611573 283993 -117150 -427650 -939925 -679171 -926030 -903749 -797951 -930625 -493151 -285776 -981377 -361722 -975767 -571093 -862551 -874167 -512804 347358 -545019 -555534 -390049 -816162 21128 -21377 -798593 -858950 -454201 138140 -176131 -495857 -979941 -704890 -593299 -921237 73274 -691942 -774104 -721387 57056 -62345 -389763 -720490 -718823 -622244 -808677 -312973 -431000 -57916 -998584 -551078 67050 -688507 -296518 -526014 -954019 -331375 -563346 -85540 11554 219408 -793842 -639367 -888830 -377678 -971793 -937173 -439961 44616 -944293 -916608 -773065 -846334 -854401 -76090 -895455 -797670 34244 141976 -884967 -431952 -583284 -36000 -208859 -173489 -620449 446073 -865089 -596153 -820065 -493122 -903696 -825952 -914239 -449231 -41135 -391898 -321194 -470931 -871101 -360491 -380742 -276775 -335700 -527487 -68527 -28864 -334724 -93856 -239067 -867232 -620044 -607549 -413048 -845429 -984660 -884833 -661104 -582393 -635621 -844626 -81661 -757773 231165 -34082 269744 -94875 -451278 -202535 -485941 -608325 -502850 -531504 -534574 -604349 -817525 -648785 -675776 -368005 -896194 -937975 -948989 -972530 -825326 -597244 -911494 -980590 -878721 -339369 170236 -861661 -817527 259760 -863890 -89971 184623 262399 -348579 -308360 -319860 -22374 -283126 -524682 -959709 -379542 534396 -549279 -978370 536192 -734469 -22407 -522177 -999491 621215 -353858 -297558 -464700 -971381 -622276 445031 403989 -641975 -986363 391418 -592081 -373591 528967 204532 -709104 -385942 -470490 606794 670944 -771240 -904511 -650457 -528826 153903 319753 -593399 -951412 -181659 -194961 88577 -940690 456237 -767899 -419709 -190953 -845912 -155826 193493 -322974 -391869 -799865 -46070 -802683 -142549 -665950 -810578 -40257 -312365 -569103 -762883 -626757 -801666 -925865 -727672 -414420 -213377 -234306 -911287 -6975 -179450 -416282 -980902 -367509 -834537 -346077 -737853 -647427 -348665 -706024 -859577 -956956 -587738 76246 -501285 -575138 -781695 -897102 -981068 -546428 -818988 -730712 -952942 48987 -679958 108710 -704128 135107 -464682 280396 -838355 -992317 -454803 -864195 -734256 -103220 -487356 -967579 -956218 -520488 -735149 -975314 -30127 -27113 -728856 -475514 -160242 -758369 -894798 -658976 -289246 -225158 -12421 -753444 -882463 113642 -491789 -231940 116921 -798623 -245970 -939744 368140 -412161 -385178 -183529 -906353 -240288 -450347 -985992 -749964 -623412 -561451 -525112 -864188 -632733 -568349 -969958 -380428 238355 -155255 -232297 -920077 56918 -464324 -518538 -991364 -856011 -591576 -812441 -784699 -834074 -518861 237229 -834 -528397 -736894 -966371 -913773 -428139 -913040 -673432 -415095 -774892 -560234 -593116 66451 -205280 -863653 -891358 -724174 -388044 -335810 155259 -952971 -626161 -920897 -948288 10911 -714968 63668 -241312 438382 -536613 -992855 -443893 -676080 -710102 -640332 -816789 266588 1496 -806518 -288472 -819561 -291539 -411076 -245361 -427883 -287987 -944427 -621559 202657 -539692 -540175 -194378 -412775 -562729 -463432 -845577 -735209 -303480 -123855 -965750 -244807 -180095 12136 -385840 205098 -601920 -578685 53813 -14010 -351641 -721650 -527409 -776418 -894222 -377324 -114844 -188160 -821774 -414681 -664520 51231 -602404 -347895 -125997 -589589 -751204 -621752 -148789 -423905 47981 -385365 -855584 -638332 -735780 -475445 -653943 -485815 -143040 449579 -70684 -246829 -738047 -483208 -929942 -625962 189429 -487758 -610679 -350116 -24624 -705724 -796818 -379696 -811387 -142689 161029 -875440 -679202 -858368 -811715 214510 157734 -448082 -809350 -668606 -765154 -557496 -830922 -193175 -288426 101897 -211817 -176672 -987957 -142143 -79260 -596786 -478867 -476717 449567 -619286 -896887 -625398 -734068 -322950 -616098 -994208 -691070 -330168 -949677 -312665 -227068 -634675 -767443 -361630 -652468 -593346 -592617 -386681 -192304 -95849 -947339 -686579 -664160 -151151 -199497 189203 -892360 -447763 -995313 -671020 -683786 -690743 -954800 -845020 -900188 -770732 -104124 194144 -151141 -778314 -699396 -904198 -767623 -793294 35948 -187498 -684901 -55904 -221140 -391504 -839619 -615622 -532818 134560 -127970 -284540 -846548 -437027 -190859 -397061 -438453 57465 -342448 -870850 4694 348262 168549 -917740 -424858 -616847 -876767 -861556 -275576 27465 -120986 -366450 -743894 245859 -796005 -284402 -704720 -642904 -942811 -930787 -657265 -358531 -565516 -91250 -161746 -917794 -879594 320779 -71874 -991480 -687954 -180030 -125060 -138534 -676898 -958731 -217576 -930396 -750056 -129314 -635715 -456882 -231692 -784492 -931446 -993349 -895822 -236121 -111175 280144 317487 -545221 -772321 -901681 -177810 -914822 14757 -246550 -903429 -360085 -740641 -852711 -506397 -774960 -839662 -292158 -657466 -226672 -593638 -459752 -845042 -842077 -663957 -706360 256649 -304068 -2053 -532919 -992190 224307 -971352 -52836 -252445 -703087 -615494 -451494 -701960 -796381 -547306 -163239 -842151 -10074 -186950 -866085 -45966 -754599 -409151 -921685 -858074 -995942 -508740 -951537 -946410 -872600 -797144 -728823 -140616 -244435 -267302 -829687 -685644 -829573 -779730 -513185 235807 -744436 -799218 -25262 -648127 -946409 -314358 491935 -632029 -875637 -733966 -438835 -638595 -577598 -555657 -269017 138282 -122450 -625837 -935026 -599297 -160554 -492558 -258112 -713525 13947 61974 -219201 -420522 -749822 -598605 -750966 -364841 175215 -402580 -670914 -26411 -629210 -740446 342634 -722281 323735 -539470 -376000 -325642 -906077 -984419 -915233 -217262 -875591 -947165 -50453 -766727 -774738 63654 -83292 -520861 33316 -105970 329853 -64252 -434341 165033 -127632 -613435 258179 -159882 336074 -282109 -386854 -139638 -551175 -764753 -676146 -657717 -332806 -940275 393553 -810798 -181270 -231808 -882536 -770349 -730187 -980215 -433319 -751250 31319 371890 -213770 -205600 -853120 -886180 31509 -36555 511239 -117606 -17438 -840040 309053 -932817 -756898 -499625 -788074 -598510 -957801 373287 -401018 31720 -808327 664539 -854370 -250745 -198873 -950426 -708052 -569112 -451491 720476 275857 -1830 -394220 -259777 -534245 -561828 -295821 -826244 -760081 -767657 -468828 -240507 407753 335332 98536 -615275 -524301 -498742 -770920 -496735 -671764 -250363 400796 -485779 -841105 -9985 -996897 -682832 -165249 -509779 -568517 130186 -556447 -694417 -812703 228588 -710802 -784867 265604 -73752 -125120 307700 -880201 168573 -840444 -790429 -513065 -628448 -630868 -954638 -110515 36977 37783 -9652 -998026 -513364 -322803 242555 -438827 135723 -327543 -705969 -413747 -570696 -74798 -940646 -583449 -748403 -772509 -759782 -768110 -877131 -506404 -125422 353283 167327 -995073 -818340 -844853 -245609 -340753 -322341 -329684 -126241 -326088 -510770 -766747 613449 -147348 -70323 -861149 -782521 -391652 211699 -877474 408380 -937119 -209653 10249 -556729 -663486 55845 -719353 -817695 -801591 -201593 -922064 -852521 -163908 287775 -561987 -25317 -339534 -807765 -123601 -5754 -595242 -36407 -516517 -229588 -231548 -39760 -644983 -186228 -246571 -855878 261957 -172205 -400219 -928904 -573131 -428001 -804129 -539318 -465224 -295241 114143 -625885 -465174 -589248 567766 -969799 -806568 -958855 -416868 -36471 302499 -249005 -832788 647913 -283821 -459547 -233635 -996804 91140 155951 -525551 67196 -994377 -776947 431998 412065 -426421 -366619 -948766 -618701 -384467 -777809 -685320 -849600 -971363 44475 -891719 -186891 -617879 -238653 -209688 -179625 -663188 -694633 -414758 -359903 -719259 -920199 -711589 -41317 -266649 -393884 -236253 109476 -368352 416263 -774921 -330088 -981625 -824525 -105610 188964 -64227 -148075 19828 -547131 -839893 -461960 -949063 -838582 -879807 -758294 -576648 -474877 -421985 -233410 -320760 -707663 -636053 -690798 -491416 -856399 -622833 -836089 -545585 49827 400181 -446314 -635970 124208 -675373 -478394 55460 147761 -170275 -583868 -289702 -204069 -247977 -193366 -901997 -630999 -918703 163598 -459210 -27982 -43591 -75877 -854032 -343230 347846 -830490 -913614 -172521 -972458 -912429 -298529 630742 -812967 468509 -674520 -494238 -204769 -55485 -913968 -25478 -451840 -125225 -711682 -279432 -596885 -558171 -913041 -932540 -823658 -28987 -937677 -75159 206948 -687916 -644267 -484210 -847201 -148476 -549297 -255353 -621610 -863327 -230490 -841345 -252152 -824617 -131920 -417805 -681152 -561610 -845361 -845635 -845665 -895300 51325 -131458 -994087 -737740 -531366 -571378 -561027 -829175 -407264 -452156 -810965 -757373 50450 40766 -810321 -662779 -773429 -324283 208230 525198 -560627 -721923 -722551 -108107 -5691 -327397 -622056 -67952 -775786 -892758 -901845 -620372 -539751 -275128 27252 3886 -371246 -631 -153458 -135900 -249029 -564025 -357973 -80628 -214941 -791686 -727408 -103430 -525769 195958 -709706 -8213 -769571 -98673 313240 -274016 501908 118013 -899146 -799805 -226541 -707428 -113602 156314 -410057 540607 373071 -538624 32394 128833 426477 -433934 -116514 854 -64950 -55184 -347723 -835793 -512212 -530386 -995779 206154 -174600 256611 -514290 -312827 -629902 -400108 -622241 -689937 -839032 87512 -909381 -9369 -467917 -858590 -495265 -144046 -772889 -817276 -921800 -743343 -564270 -783433 96222 -293641 32924 -313576 -732550 -993132 173676 -85986 178433 16095 -223850 -98831 -313135 -341384 -545669 -864376 -951601 206970 498652 203090 -302590 -65701 -919953 -931923 -236429 -961091 10167 -344166 -976035 -53253 455939 -887413 -463993 -465851 -742881 -915088 320862 73612 -230281 57657 -169938 -362630 52405 -652451 -615283 -231208 -840612 -652387 -555414 -126980 -204376 -489244 -660576 -681024 575908 6761 -217510 -681224 -814050 286947 -541687 -103288 309161 -87861 -504483 -138756 -768620 -774657 -748364 -791911 191920 -21785 -103779 -713734 294912 309654 -418127 -900426 422518 -889933 -94974 -965474 573006 -298294 -550829 -409739 -557752 100973 -369075 -216458 -477111 286111 -602334 397142 435081 -438343 -353361 -758998 -315391 -480690 -829771 -844913 -805688 -670829 -506840 -548190 183031 102663 -439040 -358806 -398613 224094 -920130 -410058 -87845 -928678 -941715 -667335 84186 49928 -625842 -766289 -399032 36982 -680663 -166256 -993014 -775315 -692189 -233565 -893426 -472640 -348068 245715 141886 -732362 -781058 -228039 -150747 -30568 -964233 -860617 267030 -306276 243682 375639 198616 -429674 -193882 -964554 204387 -884496 -951424 -483896 -400949 -220928 -875702 -546327 -258707 -236080 134975 -143273 533715 592127 -823475 -366190 -118495 -166599 -65312 -763278 -14086 -531328 -801851 -991320 -174481 -268918 289641 -421194 -473826 -641544 -986929 -950059 -369821 -234530 -636835 -496078 -592775 -787763 54215 -616609 -815090 69747 -201117 -261733 540335 -13346 -912704 -362463 -546929 -4299 -745398 57127 -838036 21468 24933 -420483 -569866 -866177 -366035 -365705 -529488 -597756 -588878 -314905 -934639 -52889 -24112 -59912 -622370 -435365 -508080 -294748 -716025 -212269 -704915 -161732 -963337 -185846 -834751 -169774 -603636 -713933 -738098 -932392 -697861 -431514 -658826 -427636 -93868 -485361 -568119 -636352 -625830 357815 -122517 -349084 -31947 -785082 -201860 -840560 348586 -412475 -780362 -881510 254507 -119969 -769732 -135455 -540738 -625200 -804101 -130159 -460426 -819351 -549374 -541564 -602062 -674996 -280143 -193153 80317 -344946 -883209 -545138 -200655
